tests/model_test_data/LFP_data/dem.asc
ncols        256
nrows        125
xllcorner    9.019166665059
yllcorner    52.544999996981
cellsize     0.012500000000
NODATA_value -999
[rows 49 to 97 of 125, columns 96 to 191 of 256]
21 31 40 45 43 45 45 54 51 75 67 56 58 47 43 45 51 49 48 50 50 54 56 48 41 32 32 30 27 16 23 9 10 6 20 22 16 20 10 19 11 16 18 18 22 21 24 24 39 41 49 44 38 35 34 34 28 24 28 32 31 35 29 29 33 47 47 61 49 53 58 56 53 45 52 44 49 54 45 53 33 36 42 27 35 33 43 33 43 36 37 42 40 38 30 41
1 1 4 37 47 48 49 50 56 60 47 64 63 53 42 44 46 57 37 46 46 49 43 46 39 32 37 31 38 46 33 15 12 9 20 17 10 18 18 12 12 18 23 23 14 42 41 59 56 55 46 43 54 39 26 40 27 27 19 29 28 26 24 31 32 36 40 50 57 57 61 60 49 49 57 44 39 34 30 38 25 29 27 33 31 34 32 31 45 45 46 35 45 42 42 40
-1 -1 -2 2 -2 1 2 10 49 46 50 53 49 46 42 37 36 46 30 48 50 44 48 50 35 32 34 40 40 30 27 40 8 1 20 22 10 18 7 13 25 23 15 15 20 53 47 52 58 73 47 48 53 23 30 23 36 25 22 23 29 30 28 35 35 42 48 48 53 55 58 55 47 45 45 28 27 26 23 33 23 40 22 21 27 20 20 39 36 30 31 32 36 30 29 35
-2 -6 -1 -5 -1 1 -0 3 -6 0 5 41 51 42 47 51 53 46 42 47 34 40 41 43 44 33 36 28 19 22 14 10 9 11 15 17 15 10 9 19 2 5 17 12 31 38 38 54 66 77 53 33 24 23 27 16 15 17 25 28 41 43 39 40 42 47 46 57 64 80 56 38 61 49 35 27 25 36 34 32 16 24 19 25 22 28 16 28 25 31 29 30 43 33 33 36
-2 1 0 1 2 0 2 -5 -1 4 6 7 26 51 72 63 66 59 41 40 41 36 28 24 12 17 17 29 51 35 22 15 1 11 14 18 12 10 16 12 10 0 13 23 30 43 42 37 51 48 28 28 23 26 18 23 32 36 44 43 36 41 53 51 52 60 57 56 59 50 50 50 48 53 44 32 30 18 29 23 23 20 21 19 25 20 28 26 18 31 44 29 21 35 32 31
3 -6 1 4 -1 0 0 2 0 0 -12 -12 0 42 64 58 52 51 53 57 54 38 36 20 18 18 27 34 36 43 11 10 6 10 12 14 12 15 12 11 13 14 18 21 34 47 41 32 48 27 15 26 17 18 12 11 19 33 50 58 49 63 68 59 56 55 52 49 39 37 34 30 30 29 19 20 18 21 23 20 25 19 17 19 17 20 23 29 27 25 35 31 28 30 31 29
2 1 0 1 1 0 0 0 1 -5 -4 -4 3 3 -5 56 55 42 59 61 44 45 33 22 29 27 26 36 34 18 9 4 10 6 10 3 13 11 12 12 11 3 35 28 44 62 31 15 11 12 14 17 18 18 18 25 35 31 33 42 61 53 39 47 49 50 52 55 57 50 47 55 30 25 24 26 19 18 25 21 20 24 17 16 20 32 22 38 32 32 27 27 24 29 28 22
-2 -2 0 -2 0 -2 -5 -6 -4 -0 -1 -2 0 1 -0 5 -6 35 58 70 54 42 49 32 22 30 36 4 4 1 11 5 4 8 5 10 9 18 17 15 9 13 13 24 32 40 5 6 19 29 13 15 19 14 30 31 38 46 38 36 42 43 54 62 57 72 54 56 40 37 45 43 27 36 39 31 19 24 25 14 19 18 25 14 26 13 14 32 25 23 28 25 27 28 17 29
-1 1 -3 -1 -2 -5 2 -0 1 -0 -4 -4 1 0 2 1 3 -0 4 -12 28 26 26 30 20 30 38 20 6 6 4 5 5 11 10 16 47 43 26 21 23 12 12 8 8 11 5 3 15 9 14 22 30 42 31 31 38 30 35 31 43 55 49 54 52 36 35 32 30 36 41 48 49 40 32 17 15 12 27 5 17 20 19 20 21 30 20 22 23 25 27 26 22 23 24 22
-1 2 -0 2 -0 -6 0 2 -0 2 -8 -7 0 1 1 0 1 2 10 2 1 9 -7 10 30 34 41 57 33 6 1 6 10 18 14 36 46 35 16 6 6 7 9 10 10 10 9 4 5 10 11 8 8 7 9 14 24 34 40 28 27 38 40 38 24 25 17 17 22 30 36 35 30 22 22 10 20 29 13 16 8 15 23 18 20 27 24 27 29 46 35 35 33 30 22 39
0 0 -3 1 -1 2 3 -4 -2 3 0 2 2 1 2 3 4 0 12 5 2 1 4 7 3 1 2 -1 2 1 5 5 2 6 2 1 3 4 3 -3 3 5 5 5 5 17 9 4 9 3 7 6 3 0 7 1 4 10 11 8 17 21 20 22 15 16 18 8 8 10 11 16 24 7 22 8 12 4 8 10 23 23 14 18 21 22 32 30 29 31 36 49 46 45 26 20
3 5 1 -1 0 0 1 2 0 0 -1 1 -4 1 2 2 -0 -5 -1 0 -1 -2 1 -3 3 4 4 5 3 2 3 4 2 4 5 4 5 4 1 3 -1 -1 -1 -0 5 3 8 -0 -2 -1 6 8 8 6 6 5 5 4 6 4 8 11 16 8 3 13 11 8 18 9 12 17 17 9 11 10 7 10 14 17 13 13 17 19 22 28 32 45 33 40 49 54 47 53 34 33
3 3 1 -4 -7 1 1 4 5 -1 6 -2 2 1 -4 -4 3 -1 3 3 -5 -5 -6 1 3 6 4 7 5 5 4 5 6 5 3 2 4 2 3 4 4 -6 1 5 5 5 3 -2 6 6 3 1 7 7 8 4 3 5 8 9 7 10 4 8 2 13 14 6 5 12 11 22 13 11 13 16 14 17 27 14 15 16 20 23 29 50 40 49 52 60 67 52 47 35 34 27
6 8 -1 -5 3 3 -7 2 1 4 3 3 3 0 -2 -2 6 1 0 11 -5 -2 1 0 10 2 -3 -2 1 1 3 11 1 1 2 1 1 -3 4 -4 1 2 5 5 5 5 5 7 5 6 7 7 7 3 10 6 6 6 7 5 6 5 4 7 8 8 4 7 10 12 13 11 13 14 15 15 15 16 20 35 23 23 34 33 42 37 49 46 52 52 61 64 50 35 27 36
13 10 -3 2 -2 -1 0 -0 2 3 0 2 3 1 7 5 -4 -1 1 -3 -3 -0 3 -3 -1 -3 4 -1 -5 -2 7 5 4 4 5 4 6 4 3 5 3 6 3 5 4 1 3 5 2 1 6 6 6 9 7 15 15 4 5 7 8 18 12 7 20 10 11 9 13 15 10 10 25 21 21 26 27 17 27 26 32 23 26 34 42 49 56 62 50 44 41 39 30 31 19 18
13 4 5 5 7 8 8 5 6 3 1 3 6 8 1 9 6 0 2 -0 12 -2 3 4 5 3 4 2 3 6 -2 6 7 7 6 4 0 6 6 4 5 2 3 2 6 7 1 3 7 6 7 6 4 7 5 8 7 10 7 9 3 13 8 -3 12 0 9 12 15 14 15 15 26 24 26 28 30 34 34 34 30 29 41 39 47 47 47 50 62 51 29 20 19 27 39 21
13 4 3 2 2 9 9 12 15 12 9 13 8 12 4 3 26 28 28 31 33 23 18 22 17 17 33 13 26 2 5 7 13 2 10 15 9 1 9 -5 8 12 1 5 7 8 9 8 7 7 7 6 11 8 8 9 10 12 8 11 22 -0 9 -0 4 9 10 6 28 17 23 18 17 14 20 49 49 42 39 32 20 28 24 21 30 42 49 27 22 25 15 19 20 19 21 23
19 2 5 12 7 12 18 22 15 25 27 23 23 21 12 8 9 23 15 21 28 39 27 29 22 31 28 32 37 43 18 15 15 8 6 8 10 13 14 11 14 17 14 12 12 13 19 -0 6 6 7 7 7 21 -0 3 9 12 21 4 10 7 3 4 12 -3 10 10 9 19 14 21 23 20 23 26 41 28 30 31 34 25 29 39 39 22 15 17 18 14 23 30 26 21 18 18
29 39 23 29 46 41 56 54 49 37 51 35 42 43 35 15 17 17 23 31 25 41 60 47 44 40 27 35 50 56 46 13 26 31 30 31 59 72 47 46 39 19 31 38 33 23 36 3 9 6 10 5 5 5 8 9 3 6 14 16 12 9 6 6 -3 -0 7 10 11 5 12 11 18 18 22 19 37 36 28 26 25 28 29 17 13 18 18 18 23 31 19 15 26 33 27 18
31 28 46 49 44 37 34 32 43 43 37 36 39 22 23 11 27 31 43 38 41 39 53 64 54 42 34 58 48 51 43 33 9 29 43 42 54 55 44 61 56 40 37 35 49 42 45 44 18 6 4 1 10 10 7 7 7 7 6 14 15 20 7 4 2 7 10 6 12 6 9 12 14 11 14 23 31 21 25 21 25 24 15 19 16 16 18 18 18 19 18 19 19 21 23 17
45 36 39 61 34 32 28 28 34 30 28 31 34 39 26 14 23 26 28 45 49 44 54 57 56 64 48 51 41 50 34 38 20 35 23 42 60 51 45 35 46 51 56 55 66 58 55 52 47 50 13 11 8 4 7 7 8 6 8 6 18 13 14 17 16 7 7 7 8 11 12 8 12 12 15 18 20 17 22 15 23 9 23 16 18 21 27 22 24 23 36 24 22 23 20 20
31 51 53 66 54 43 48 41 44 26 20 26 29 19 33 5 12 22 28 49 50 52 48 51 58 75 72 51 63 57 60 37 31 42 45 28 45 21 22 33 42 39 52 54 68 86 81 76 66 70 46 59 28 30 53 12 4 9 7 8 2 8 23 15 13 6 9 2 7 22 7 15 20 11 9 13 13 22 12 14 15 16 28 36 24 40 37 44 52 57 66 55 44 33 22 28
51 51 64 91 76 65 53 43 29 31 21 39 32 33 15 6 17 27 42 44 54 52 49 40 58 88 62 60 54 64 65 35 35 41 55 49 56 44 32 42 57 53 54 43 52 91 82 84 80 75 65 38 16 39 54 63 54 5 8 8 7 10 7 4 15 14 14 2 14 10 4 10 7 8 11 11 12 11 11 17 12 18 20 35 24 32 31 40 36 50 37 32 28 23 28 27
28 48 57 63 71 45 45 36 39 44 41 45 34 40 38 13 30 27 39 48 46 46 42 41 71 63 56 57 63 60 46 35 50 57 54 69 63 50 51 45 27 69 47 57 79 82 86 66 69 64 23 42 34 52 57 63 64 38 16 10 8 7 7 8 4 0 16 16 11 9 10 4 10 11 7 26 15 11 18 21 18 21 28 17 30 41 53 45 20 25 17 19 18 23 12 25
50 55 53 48 35 35 49 41 50 45 43 44 42 37 34 19 29 28 23 28 30 38 38 51 44 46 63 72 74 44 32 60 62 59 84 73 49 54 44 38 36 36 37 61 61 77 88 66 57 52 84 55 47 39 66 66 33 41 39 66 29 3 10 12 9 6 20 10 12 10 14 17 20 7 10 11 10 15 6 16 15 16 22 16 15 22 21 21 13 10 14 16 20 26 18 19
39 49 43 78 61 51 55 49 36 38 48 46 35 20 18 28 1 23 14 16 47 51 42 42 29 49 57 71 68 49 47 54 71 89 97 89 71 50 46 44 46 40 41 41 51 57 72 66 80 95 96 47 38 66 66 60 72 68 79 60 56 63 35 4 5 9 8 5 6 7 2 11 10 15 11 11 23 17 18 21 16 15 10 15 13 15 20 19 13 20 11 17 23 14 17 18
37 68 78 77 70 58 58 58 56 52 46 42 40 28 35 38 36 21 21 35 43 40 30 48 31 37 52 51 62 57 51 60 69 60 63 79 82 75 47 50 43 60 50 38 51 39 57 58 59 66 55 48 50 75 87 95 67 57 48 67 41 35 30 20 34 5 10 8 9 9 11 11 1 12 8 1 13 2 8 13 9 13 13 12 12 14 15 26 16 24 22 19 23 21 16 11
43 59 67 74 101 95 80 80 62 45 43 38 37 42 25 57 58 47 23 23 17 18 17 48 34 32 34 41 52 55 58 56 67 65 60 73 80 75 74 63 46 47 51 63 70 40 65 69 70 85 58 79 77 67 97 69 52 37 31 43 23 15 13 14 15 18 10 4 6 9 9 1 6 13 10 11 9 33 13 21 11 17 10 11 12 10 11 13 12 13 14 20 17 14 18 10
30 70 76 95 103 109 102 91 80 53 47 28 34 38 28 23 39 23 26 17 25 19 20 16 38 33 38 45 59 44 51 50 59 64 57 75 49 70 64 78 45 45 62 51 71 51 72 86 69 86 79 76 48 74 75 93 61 52 28 27 27 78 54 38 35 34 3 10 10 11 6 12 9 9 8 9 14 8 5 13 22 13 12 16 9 9 11 12 17 13 15 15 10 16 17 10
54 73 77 86 112 100 90 74 79 83 85 70 47 48 44 33 41 63 60 36 29 22 39 50 10 26 41 31 44 50 55 50 67 70 48 67 59 63 85 69 61 50 72 62 62 64 79 90 83 91 95 51 79 84 93 83 59 66 54 66 54 62 42 47 51 31 21 8 10 10 10 11 11 10 10 9 10 12 13 11 8 13 13 1 11 17 35 22 24 10 14 20 24 23 24 14
55 74 79 96 92 105 93 94 97 115 75 66 67 73 66 67 64 85 53 49 28 30 43 43 24 21 21 44 25 54 59 61 63 62 51 58 62 71 74 79 77 78 73 77 94 69 69 79 70 81 66 60 65 76 78 105 90 71 57 90 91 76 62 39 42 32 27 3 17 10 10 16 11 12 11 10 10 12 9 5 12 10 11 12 17 13 11 8 10 8 8 11 12 8 14 12
71 81 83 91 89 94 88 118 89 86 85 90 101 94 109 76 81 66 55 34 45 30 48 42 41 35 29 23 14 42 43 63 60 60 48 61 68 73 79 69 59 54 75 75 80 62 66 71 84 86 78 84 86 85 93 104 103 100 100 70 73 51 46 37 43 44 39 7 11 8 12 11 12 10 12 18 7 13 37 26 21 11 21 12 10 13 10 12 12 12 12 11 11 12 12 12
83 87 93 104 93 76 92 92 91 94 102 96 63 74 88 96 94 66 53 58 45 45 41 50 52 54 53 36 30 33 51 61 44 51 40 54 65 73 55 47 50 52 51 63 57 52 77 59 68 88 92 85 94 89 96 80 98 103 87 73 50 29 30 25 30 21 22 21 13 14 10 10 11 8 11 19 12 12 29 40 34 36 23 40 30 7 11 13 12 14 12 13 13 13 13 13
74 94 96 92 74 72 81 81 71 63 88 90 90 92 92 92 80 62 61 46 54 68 70 44 49 50 56 52 36 23 43 63 48 41 53 57 42 52 52 55 63 63 50 54 58 72 87 88 74 61 80 97 107 86 75 98 75 63 78 70 59 74 52 53 48 36 16 24 11 9 8 9 9 9 16 11 11 10 11 13 18 11 15 11 17 9 14 4 12 13 13 13 12 16 15 7
83 81 95 92 94 77 72 62 71 82 77 49 71 77 71 78 83 82 73 58 69 93 84 66 60 61 72 91 68 24 38 30 38 52 54 41 53 53 52 55 62 52 60 65 60 68 95 95 82 71 70 81 101 105 100 94 79 57 63 56 63 54 53 53 46 37 32 39 16 11 8 9 10 17 18 7 13 26 12 25 14 11 15 21 10 14 15 20 8 15 11 11 4 16 27 43
75 87 89 93 91 83 85 76 79 74 81 66 62 56 60 54 60 65 79 88 100 85 77 67 72 89 81 73 54 41 35 35 40 53 65 64 84 59 68 59 54 51 62 54 52 65 67 79 86 78 74 91 100 107 103 101 81 50 74 51 55 31 31 23 34 23 39 27 23 14 10 13 11 11 12 12 14 10 18 18 14 15 20 14 16 8 11 22 23 18 13 13 13 17 16 17
85 82 87 99 81 82 71 75 76 66 63 67 74 66 62 43 53 65 70 72 71 77 66 68 70 77 80 50 33 29 32 58 70 64 69 52 72 58 70 56 63 65 64 46 57 52 55 80 78 75 81 83 96 124 98 82 62 68 35 35 35 40 37 32 18 20 23 16 14 13 12 11 11 14 11 18 17 15 10 9 14 25 15 10 12 8 18 16 22 18 21 17 24 15 28 8
-999 -999 86 98 88 82 76 64 60 57 56 80 86 73 59 68 66 68 74 81 69 85 85 86 49 60 67 40 31 58 51 51 72 81 73 48 48 57 57 47 45 70 53 47 61 70 57 65 71 86 89 88 85 89 121 109 79 90 71 54 46 41 36 26 27 30 20 16 14 15 20 11 13 8 14 6 15 5 8 9 9 20 4 14 15 14 15 32 30 20 15 21 20 21 17 20
-999 -999 94 89 85 78 70 70 63 55 56 68 51 63 58 55 81 73 67 74 72 82 81 80 59 51 45 23 56 55 50 45 45 49 46 42 44 53 52 57 45 58 49 56 59 51 65 77 70 73 88 77 86 89 82 71 75 59 46 51 80 61 63 35 44 28 24 14 18 23 15 12 18 12 12 20 18 11 11 16 8 11 14 14 15 11 20 29 23 15 18 16 23 24 25 22
-999 -999 87 92 92 94 81 76 57 63 59 62 48 59 54 60 66 68 70 77 81 73 66 61 52 46 28 44 48 46 49 48 50 55 52 50 54 55 60 67 54 76 54 51 78 59 70 74 65 77 62 75 72 70 80 101 75 55 57 50 36 45 49 31 26 23 22 22 20 26 16 16 16 8 15 12 13 6 12 16 17 20 24 11 11 26 15 19 25 19 17 22 31 24 25 21
-999 80 80 88 86 91 74 62 61 52 56 56 55 56 61 63 75 74 77 74 70 55 66 66 59 45 42 26 41 47 38 40 43 53 58 59 58 63 64 71 63 54 61 64 66 57 76 73 71 66 82 105 71 91 91 98 81 84 62 50 41 39 33 32 35 27 27 17 20 17 18 17 24 12 11 11 13 12 11 20 17 17 14 13 13 16 18 19 17 21 26 26 29 28 25 27
71 77 82 89 89 82 60 67 54 50 54 60 57 50 54 57 58 59 66 57 60 72 72 71 64 50 42 26 38 43 32 35 48 52 54 53 59 72 68 82 78 61 60 48 52 52 64 64 71 84 76 81 94 90 94 89 81 76 66 41 40 34 32 32 46 32 27 23 21 13 16 15 15 13 16 17 17 13 12 14 13 15 18 19 18 19 17 24 18 25 22 24 19 22 24 27
65 78 86 88 83 89 70 56 56 58 50 51 50 43 60 48 60 56 54 44 63 58 45 61 52 41 38 39 45 42 45 49 46 50 51 54 56 63 67 62 61 51 64 60 53 67 50 63 68 60 82 72 75 88 86 93 90 54 46 41 37 36 35 34 29 42 27 24 18 16 15 23 12 14 16 15 16 15 13 14 17 16 18 13 16 27 23 26 25 19 18 20 22 20 26 25
60 68 87 71 80 73 51 74 83 81 60 58 58 54 71 77 63 61 63 60 55 48 41 52 44 43 38 60 50 51 50 51 52 53 52 59 57 57 61 66 55 72 53 61 55 58 51 56 62 62 69 75 72 88 79 45 37 40 37 49 32 27 28 21 23 26 26 29 23 15 23 24 20 21 15 15 15 14 14 18 24 28 47 21 13 17 17 17 18 20 17 13 16 13 19 22
62 69 56 54 57 65 85 81 69 87 82 71 68 63 75 64 53 61 60 76 62 65 56 37 37 34 50 37 49 56 48 58 48 54 54 53 55 57 59 49 65 57 68 67 61 60 56 63 56 65 83 74 82 99 84 68 56 38 23 30 43 47 40 34 28 23 23 18 21 17 18 18 15 15 13 12 17 25 30 42 39 44 47 32 16 31 16 24 16 13 18 28 17 24 18 21
67 56 64 62 78 81 88 86 76 83 71 70 74 70 64 63 49 51 49 58 59 59 49 43 44 42 42 34 48 50 51 53 54 47 54 54 57 55 47 57 56 77 81 67 63 60 58 62 75 79 74 71 69 92 109 90 46 33 30 33 24 21 27 31 24 25 22 29 16 20 13 19 17 15 17 20 28 29 32 37 37 29 34 20 25 31 33 25 34 35 29 20 19 26 18 31
78 83 89 -999 -999 -999 -999 -999 105 91 85 78 87 72 69 66 68 66 64 52 57 57 49 46 44 50 46 49 43 40 48 38 49 59 49 48 55 46 51 60 62 64 68 62 61 61 62 84 66 56 58 84 86 63 56 59 53 42 25 25 25 17 15 13 15 17 17 24 11 10 7 12 15 -2 16 27 30 37 23 32 15 17 17 17 18 21 28 31 45 42 25 22 26 16 25 16
-999 -999 -999 -999 -999 -999 -999 -999 -999 -999 97 88 95 82 73 68 56 70 67 56 67 51 62 50 39 46 39 49 51 48 43 46 50 48 53 50 50 51 56 54 67 73 61 64 73 74 69 72 70 55 62 45 48 51 52 36 24 21 44 20 16 8 16 23 10 13 16 25 21 6 8 12 16 26 10 14 11 13 13 15 15 14 17 17 19 24 21 20 19 18 18 17 17 17 17 17
-999 -999 -999 -999 -999 -999 -999 -999 -999 -999 -999 99 96 90 82 65 70 57 51 58 60 94 72 45 51 45 40 49 46 54 65 74 62 56 54 56 52 58 53 62 60 78 74 71 62 77 72 58 68 63 45 43 39 38 34 39 61 58 46 25 24 26 36 40 24 18 21 19 3 2 6 6 6 2 7 16 21 24 11 13 25 20 21 18 22 18 19 16 16 16 16 18 18 14 23 33
